SIZES
  narena                14680064
  nbuffer               77008
  nplugin               0
  maxuse_stack          8312
  maxuse_arena          34344
  maxuse_con            4
  maxuse_efc            16
  solver_nisland        1
  ne                    0
  nf                    0
  nl                    0
  nefc                  16
  nnzJ                  288
  ncon                  4
  nisland               0
  threadpool            0

TIMER
    0:  duration =  0.79       number = 25
    1:  duration =  0.8        number = 26
    2:  duration =  0          number = 0
    3:  duration =  0.47       number = 26
    4:  duration =  0.087      number = 26
    5:  duration =  0.011      number = 25
    6:  duration =  0.12       number = 26
    7:  duration =  0.04       number = 25
    8:  duration =  0.14       number = 26
    9:  duration =  0.058      number = 26
    10:  duration =  0.22       number = 26
    11:  duration =  0.047      number = 26
    12:  duration =  0.0015     number = 26
    13:  duration =  0.12       number = 26
    14:  duration =  0.082      number = 26

SOLVER STAT
  solver_nisland = 1
  solver_fwdinv =   0         0       
  ISLAND 0
    solver_niter = 2
    solver_nnz = 324
      0:  improvement =  0.46        gradient =  0.092       lineslope =  0       
          nactive = 16   nchange = 1   neval = 3   nupdate = 1
      1:  improvement =  0.013       gradient =  5.1e-16     lineslope =  0       
          nactive = 16   nchange = 0   neval = 2   nupdate = 0

ENERGY =   0         0       

TIME =  0.025   

QPOS
   0.00041 
  -0.00022 
   0.81    
   1       
  -0.00027 
  -0.00075 
  -3.9e-05 
  -0.52    
   0.00022 
  -0.0014  
   0.88    
  -0.0008  
  -0.43    
  -0.52    
   0.0011  
  -0.0039  
   0.88    
  -0.00036 
  -0.42    

QVEL
   0.03    
  -0.013   
  -0.19    
  -0.023   
  -0.12    
  -0.001   
  -0.12    
   0.0047  
  -0.068   
   0.63    
  -0.028   
  -0.22    
  -0.3     
   0.053   
  -0.1     
   0.74    
  -0.12    
   0.22    

QACC_WARMSTART
   1.4     
  -0.42    
  -2.4     
  -0.52    
  -6.6     
  -0.18    
  -35      
   1.4     
  -0.019   
   59      
   2.6     
   42      
  -22      
  -0.45    
   5.5     
   42      
  -0.42    
   55      

CTRL
   3       
  -2.3     
   0.66    
  -1.4     
  -0.084   
  -1.4     
   18      
   13      
  -7.1     
  -22      
   2.4     
  -7.8     

QFRC_APPLIED
   0       
   0       
   0       
   0       
   0       
   0       
   0       
   0       
   0       
   0       
   0       
   0       
   0       
   0       
   0       
   0       
   0       
   0       

XFRC_APPLIED
   0         0         0         0         0         0       
   0         0         0         0         0         0       
   0         0         0         0         0         0       
   0         0         0         0         0         0       
   0         0         0         0         0         0       
   0         0         0         0         0         0       
   0         0         0         0         0         0       
   0         0         0         0         0         0       
   0         0         0         0         0         0       
   0         0         0         0         0         0       
   0         0         0         0         0         0       
   0         0         0         0         0         0       
   0         0         0         0         0         0       
   0         0         0         0         0         0       
   0         0         0         0         0         0       
   0         0         0         0         0         0       
   0         0         0         0         0         0       
   0         0         0         0         0         0       
   0         0         0         0         0         0       
   0         0         0         0         0         0       
   0         0         0         0         0         0       
   0         0         0         0         0         0       
   0         0         0         0         0         0       
   0         0         0         0         0         0       
   0         0         0         0         0         0       
   0         0         0         0         0         0       
   0         0         0         0         0         0       
   0         0         0         0         0         0       
   0         0         0         0         0         0       
   0         0         0         0         0         0       
   0         0         0         0         0         0       
   0         0         0         0         0         0       
   0         0         0         0         0         0       
   0         0         0         0         0         0       
   0         0         0         0         0         0       
   0         0         0         0         0         0       
   0         0         0         0         0         0       
   0         0         0         0         0         0       
   0         0         0         0         0         0       
   0         0         0         0         0         0       
   0         0         0         0         0         0       
   0         0         0         0         0         0       
   0         0         0         0         0         0       
   0         0         0         0         0         0       
   0         0         0         0         0         0       
   0         0         0         0         0         0       
   0         0         0         0         0         0       

QACC
   1.4     
  -0.42    
  -2.4     
  -0.52    
  -6.6     
  -0.18    
  -35      
   1.4     
  -0.019   
   59      
   2.6     
   42      
  -22      
  -0.45    
   5.5     
   42      
  -0.42    
   55      

SENSOR
  -77      
  -3.2     
  -2e+02   
  -0.12    
  -21      
  -0.27    
  -83      
   26      
  -3.2e+02 
  -0.6     
  -33      
  -2.3     
   11      
  -3.4     
   11      
  -0.32    
  -1.1     
  -0.034   
   11      
   1.6     
   10      
   0.13    
  -1.1     
   0.034   
  -0.022   
  -0.12    
  -0.00086 
   1.4     
  -0.43    
   7.4     

XPOS
   0         0         0       
   0.00038  -0.0002    0.81    
   0.00037  -0.096     0.81    
   0.00037  -0.096     0.81    
   0.00037  -0.096     0.81    
   0.18     -0.096     0.46    
   0.092    -0.096     0.11    
   0.092    -0.096     0.11    
   0.00039   0.096     0.81    
   0.00039   0.096     0.81    
   0.00039   0.096     0.81    
   0.18      0.096     0.46    
   0.093     0.097     0.11    
   0.093     0.097     0.11    
   0.00011  -0.0001    1       
   0.00011  -0.0001    1       
   0.00011  -0.0001    1       
  -0.0035    0.00013   1.5     
  -0.0035    0.00013   1.5     
  -0.0035    0.00013   1.5     
  -0.00036  -0.24      1.3     
  -0.00036  -0.24      1.3     
  -0.00036  -0.24      1.3     
   0.02     -0.29      1       
   0.15     -0.33      0.83    
   0.15     -0.33      0.83    
   0.15     -0.33      0.83    
   0.19     -0.31      0.76    
   0.22     -0.31      0.72    
   0.21     -0.35      0.78    
   0.24     -0.36      0.74    
   0.17     -0.36      0.75    
   0.2      -0.36      0.71    
  -0.00033   0.24      1.3     
  -0.00033   0.24      1.3     
  -0.00033   0.24      1.3     
   0.02      0.29      1       
   0.15      0.33      0.83    
   0.15      0.33      0.83    
   0.15      0.33      0.83    
   0.19      0.31      0.75    
   0.22      0.31      0.72    
   0.21      0.35      0.78    
   0.24      0.36      0.74    
   0.17      0.36      0.75    
   0.2       0.36      0.71    
   0         0         0       

XQUAT
   1         0         0         0       
   1        -0.00026  -0.00069  -3.8e-05 
   0.97     -0.00026  -0.26      3e-05   
   0.97     -0.00016  -0.26      5.7e-05 
   0.97      1.2e-05  -0.26     -0.00057 
   0.98      0.00025   0.18     -0.00051 
   0.98     -0.00013   0.18     -0.00044 
   1        -0.00022  -0.035    -0.0004  
   0.97     -0.00026  -0.26      2.9e-05 
   0.97      0.00023  -0.26      0.00016 
   0.97      0.00071  -0.26     -0.0017  
   0.98      0.0013    0.17     -0.0012  
   0.98      0.0012    0.17     -0.0012  
   1         0.00095  -0.037    -0.0014  
   1        -0.00026  -0.00069  -3.8e-05 
   1        -0.00026  -0.00069  -3.8e-05 
   1        -0.00026  -0.00069  -3.8e-05 
   1        -0.00026  -0.00069  -3.8e-05 
   1        -0.00026  -0.00069  -3.8e-05 
   1        -0.00026  -0.00069  -3.8e-05 
   1        -0.00026  -0.027    -3.1e-05 
   1        -0.085    -0.027    -0.0023  
   1        -0.085    -0.027    -0.0023  
   0.96     -0.083    -0.28      0.02    
   0.96     -0.083    -0.28      0.02    
   0.96     -0.083    -0.28      0.02    
   0.96     -0.083    -0.28      0.02    
   0.96     -0.083    -0.28      0.02    
   0.96     -0.083    -0.28      0.02    
   0.96     -0.083    -0.28      0.02    
   0.96     -0.083    -0.28      0.02    
   0.96     -0.083    -0.28      0.02    
   0.96     -0.083    -0.28      0.02    
   1        -0.00026  -0.027    -3.1e-05 
   1         0.085    -0.027     0.0022  
   1         0.085    -0.027     0.0022  
   0.96      0.082    -0.28     -0.02    
   0.96      0.082    -0.28     -0.02    
   0.96      0.082    -0.28     -0.02    
   0.96      0.082    -0.28     -0.02    
   0.96      0.082    -0.28     -0.02    
   0.96      0.082    -0.28     -0.02    
   0.96      0.082    -0.28     -0.02    
   0.96      0.082    -0.28     -0.02    
   0.96      0.082    -0.28     -0.02    
   0.96      0.082    -0.28     -0.02    
   1         0         0         0       

XMAT
   1         0         0         0         1         0         0         0         1       
   1         7.6e-05  -0.0014   -7.6e-05   1         0.00051   0.0014   -0.00051   1       
   0.87      7.6e-05  -0.5       0.00019   1         0.00048   0.5      -0.00051   0.87    
   0.87     -2.9e-05  -0.5       0.00019   1         0.00027   0.5      -0.00033   0.87    
   0.87      0.0011   -0.5      -0.0011    1         0.00027   0.5       0.00032   0.87    
   0.94      0.0011    0.35     -0.00091   1        -0.00067  -0.35      0.00032   0.94    
   0.94      0.00082   0.35     -0.00091   1         9.3e-05  -0.35     -0.0004    0.94    
   1         0.00082  -0.071    -0.00079   1         0.00046   0.071    -0.0004    1       
   0.87      7.6e-05  -0.5       0.00019   1         0.00048   0.5      -0.00051   0.87    
   0.87     -0.00043  -0.5       0.00019   1        -0.00052   0.5       0.00036   0.87    
   0.87      0.0028   -0.5      -0.0036    1        -0.00052   0.5       0.0022    0.87    
   0.94      0.0028    0.34     -0.0019    1        -0.0031   -0.34      0.0022    0.94    
   0.94      0.0027    0.34     -0.0019    1        -0.0028   -0.34      0.002     0.94    
   1         0.0027   -0.074    -0.0029    1        -0.0018    0.074     0.002     1       
   1         7.6e-05  -0.0014   -7.6e-05   1         0.00051   0.0014   -0.00051   1       
   1         7.6e-05  -0.0014   -7.6e-05   1         0.00051   0.0014   -0.00051   1       
   1         7.6e-05  -0.0014   -7.6e-05   1         0.00051   0.0014   -0.00051   1       
   1         7.6e-05  -0.0014   -7.6e-05   1         0.00051   0.0014   -0.00051   1       
   1         7.6e-05  -0.0014   -7.6e-05   1         0.00051   0.0014   -0.00051   1       
   1         7.6e-05  -0.0014   -7.6e-05   1         0.00051   0.0014   -0.00051   1       
   1         7.6e-05  -0.053    -4.9e-05   1         0.00052   0.053    -0.00051   1       
   1         0.0091   -0.053    -4.9e-05   0.99      0.17      0.053    -0.17      0.98    
   1         0.0091   -0.053    -4.9e-05   0.99      0.17      0.053    -0.17      0.98    
   0.84      0.0091   -0.55      0.085     0.99      0.15      0.54     -0.17      0.83    
   0.84      0.0091   -0.55      0.085     0.99      0.15      0.54     -0.17      0.83    
   0.84      0.0091   -0.55      0.085     0.99      0.15      0.54     -0.17      0.83    
   0.84      0.0091   -0.55      0.085     0.99      0.15      0.54     -0.17      0.83    
   0.84      0.0091   -0.55      0.085     0.99      0.15      0.54     -0.17      0.83    
   0.84      0.0091   -0.55      0.085     0.99      0.15      0.54     -0.17      0.83    
   0.84      0.0091   -0.55      0.085     0.99      0.15      0.54     -0.17      0.83    
   0.84      0.0091   -0.55      0.085     0.99      0.15      0.54     -0.17      0.83    
   0.84      0.0091   -0.55      0.085     0.99      0.15      0.54     -0.17      0.83    
   0.84      0.0091   -0.55      0.085     0.99      0.15      0.54     -0.17      0.83    
   1         7.6e-05  -0.053    -4.9e-05   1         0.00052   0.053    -0.00051   1       
   1        -0.009    -0.053    -4.9e-05   0.99     -0.17      0.053     0.17      0.98    
   1        -0.009    -0.053    -4.9e-05   0.99     -0.17      0.053     0.17      0.98    
   0.84     -0.009    -0.55     -0.084     0.99     -0.15      0.54      0.17      0.83    
   0.84     -0.009    -0.55     -0.084     0.99     -0.15      0.54      0.17      0.83    
   0.84     -0.009    -0.55     -0.084     0.99     -0.15      0.54      0.17      0.83    
   0.84     -0.009    -0.55     -0.084     0.99     -0.15      0.54      0.17      0.83    
   0.84     -0.009    -0.55     -0.084     0.99     -0.15      0.54      0.17      0.83    
   0.84     -0.009    -0.55     -0.084     0.99     -0.15      0.54      0.17      0.83    
   0.84     -0.009    -0.55     -0.084     0.99     -0.15      0.54      0.17      0.83    
   0.84     -0.009    -0.55     -0.084     0.99     -0.15      0.54      0.17      0.83    
   0.84     -0.009    -0.55     -0.084     0.99     -0.15      0.54      0.17      0.83    
   0.84     -0.009    -0.55     -0.084     0.99     -0.15      0.54      0.17      0.83    
   1         0         0         0         1         0         0         0         1       

XIPOS
   0         0         0       
  -0.0097   -0.00018   0.84    
   0.00037  -0.096     0.81    
   0.00037  -0.096     0.81    
   0.12     -0.096     0.62    
   0.16     -0.096     0.3     
   0.092    -0.096     0.11    
   0.13     -0.096     0.044   
   0.00039   0.096     0.81    
   0.00039   0.096     0.81    
   0.12      0.096     0.62    
   0.16      0.096     0.3     
   0.093     0.097     0.11    
   0.13      0.097     0.044   
   0.00021  -0.00014   0.93    
   0.00011  -0.0001    1       
   0.02      1.7e-05   1.2     
  -0.0034    0.0001    1.4     
  -0.0035    0.00013   1.5     
   0.0063    0.00018   1.6     
  -0.00036  -0.24      1.3     
  -0.00036  -0.24      1.3     
  -0.00036  -0.27      1.1     
   0.057    -0.31      0.94    
   0.15     -0.33      0.83    
   0.15     -0.33      0.83    
   0.18     -0.33      0.78    
   0.2      -0.31      0.74    
   0.23     -0.32      0.71    
   0.22     -0.36      0.76    
   0.25     -0.36      0.73    
   0.18     -0.36      0.74    
   0.2      -0.37      0.7     
  -0.00033   0.24      1.3     
  -0.00033   0.24      1.3     
  -0.00032   0.27      1.1     
   0.057     0.31      0.94    
   0.15      0.33      0.83    
   0.15      0.33      0.83    
   0.18      0.33      0.78    
   0.2       0.31      0.74    
   0.23      0.32      0.71    
   0.22      0.35      0.76    
   0.25      0.36      0.73    
   0.18      0.36      0.74    
   0.2       0.37      0.7     
   0         0         0       

XIMAT
   1         0         0         0         1         0         0         0         1       
   1         7.6e-05  -0.0014   -7.6e-05   1         0.00051   0.0014   -0.00051   1       
   0.87      7.6e-05  -0.5       0.00019   1         0.00048   0.5      -0.00051   0.87    
   0.87     -2.9e-05  -0.5       0.00019   1         0.00027   0.5      -0.00033   0.87    
   0.0011   -0.87     -0.5       1         0.0011    0.00027   0.00032  -0.5       0.87    
   0.0011   -0.94      0.35      1         0.00091  -0.00067   0.00032   0.35      0.94    
   0.94      0.00082   0.35     -0.00091   1         9.3e-05  -0.35     -0.0004    0.94    
  -0.071    -0.00082   1         0.00046  -1        -0.00079   1         0.0004    0.071   
   0.87      7.6e-05  -0.5       0.00019   1         0.00048   0.5      -0.00051   0.87    
   0.87     -0.00043  -0.5       0.00019   1        -0.00052   0.5       0.00036   0.87    
   0.0028   -0.87     -0.5       1         0.0036   -0.00052   0.0022   -0.5       0.87    
   0.0028   -0.94      0.34      1         0.0019   -0.0031    0.0022    0.34      0.94    
   0.94      0.0027    0.34     -0.0019    1        -0.0028   -0.34      0.002     0.94    
  -0.074    -0.0027    1        -0.0018   -1        -0.0029    1        -0.002     0.074   
  -0.0014   -1        -7.6e-05   0.00051   7.6e-05  -1         1        -0.0014    0.00051 
   1         7.6e-05  -0.0014   -7.6e-05   1         0.00051   0.0014   -0.00051   1       
   1        -0.0014   -7.6e-05  -7.6e-05   0.00051  -1         0.0014    1         0.00051 
   1         7.6e-05  -0.0014   -7.6e-05   1         0.00051   0.0014   -0.00051   1       
   1         7.6e-05  -0.0014   -7.6e-05   1         0.00051   0.0014   -0.00051   1       
   1         7.6e-05  -0.0014   -7.6e-05   1         0.00051   0.0014   -0.00051   1       
   1         7.6e-05  -0.053    -4.9e-05   1         0.00052   0.053    -0.00051   1       
   1         0.0091   -0.053    -4.9e-05   0.99      0.17      0.053    -0.17      0.98    
   0.0091   -1        -0.053     0.99      4.9e-05   0.17     -0.17     -0.053     0.98    
   0.84      0.0091   -0.55      0.085     0.99      0.15      0.54     -0.17      0.83    
   0.84      0.0091   -0.55      0.085     0.99      0.15      0.54     -0.17      0.83    
   0.84      0.0091   -0.55      0.085     0.99      0.15      0.54     -0.17      0.83    
   0.0091   -0.84     -0.55      0.99     -0.085     0.15     -0.17     -0.54      0.83    
   0.84      0.0091   -0.55      0.085     0.99      0.15      0.54     -0.17      0.83    
   0.84      0.0091   -0.55      0.085     0.99      0.15      0.54     -0.17      0.83    
   0.84      0.0091   -0.55      0.085     0.99      0.15      0.54     -0.17      0.83    
   0.84      0.0091   -0.55      0.085     0.99      0.15      0.54     -0.17      0.83    
   0.84      0.0091   -0.55      0.085     0.99      0.15      0.54     -0.17      0.83    
   0.84      0.0091   -0.55      0.085     0.99      0.15      0.54     -0.17      0.83    
   1         7.6e-05  -0.053    -4.9e-05   1         0.00052   0.053    -0.00051   1       
   1        -0.009    -0.053    -4.9e-05   0.99     -0.17      0.053     0.17      0.98    
  -0.009    -1        -0.053     0.99      4.9e-05  -0.17      0.17     -0.053     0.98    
   0.84     -0.009    -0.55     -0.084     0.99     -0.15      0.54      0.17      0.83    
   0.84     -0.009    -0.55     -0.084     0.99     -0.15      0.54      0.17      0.83    
   0.84     -0.009    -0.55     -0.084     0.99     -0.15      0.54      0.17      0.83    
  -0.009    -0.84     -0.55      0.99      0.084    -0.15      0.17     -0.54      0.83    
   0.84     -0.009    -0.55     -0.084     0.99     -0.15      0.54      0.17      0.83    
   0.84     -0.009    -0.55     -0.084     0.99     -0.15      0.54      0.17      0.83    
   0.84     -0.009    -0.55     -0.084     0.99     -0.15      0.54      0.17      0.83    
   0.84     -0.009    -0.55     -0.084     0.99     -0.15      0.54      0.17      0.83    
   0.84     -0.009    -0.55     -0.084     0.99     -0.15      0.54      0.17      0.83    
   0.84     -0.009    -0.55     -0.084     0.99     -0.15      0.54      0.17      0.83    
   1         0         0         0         1         0         0         0         1       

XANCHOR
   0.00038  -0.0002    0.81    
   0.00037  -0.096     0.81    
   0.00037  -0.096     0.81    
   0.00037  -0.096     0.81    
   0.18     -0.096     0.46    
   0.092    -0.096     0.11    
   0.092    -0.096     0.11    
   0.00039   0.096     0.81    
   0.00039   0.096     0.81    
   0.00039   0.096     0.81    
   0.18      0.096     0.46    
   0.093     0.097     0.11    
   0.093     0.097     0.11    

XAXIS
   0         0         1       
   7.6e-05   1        -0.00051 
   0.87      0.00019   0.5     
  -0.5       0.00027   0.87    
   0.0011    1         0.00032 
   0.94     -0.00091  -0.35    
   0.00082   1        -0.0004  
   7.6e-05   1        -0.00051 
   0.87      0.00019   0.5     
  -0.5      -0.00052   0.87    
   0.0028    1         0.0022  
   0.94     -0.0019   -0.34    
   0.0027    1         0.002   

GEOM_XPOS
  -0.0064   -0.00018   0.85    
   0.0067   -0.096     0.8     
   0.0034   -0.096     0.8     
   0.12     -0.096     0.62    
   0.12     -0.096     0.62    
   0.16     -0.096     0.29    
   0.16     -0.096     0.31    
   0.093    -0.096     0.11    
   0.12     -0.095     0.044   
   0.13     -0.096     0.017   
   0.0067    0.096     0.8     
   0.0034    0.096     0.8     
   0.12      0.096     0.62    
   0.12      0.096     0.62    
   0.16      0.097     0.29    
   0.16      0.096     0.31    
   0.094     0.097     0.11    
   0.12      0.097     0.043   
   0.13      0.097     0.016   
   0.00018  -0.00013   0.95    
   0.052     1.4e-05   1.2     
  -0.041     2.1e-05   1.2     
  -0.01      0.00013   1.4     
   0.057     0.00017   1.5     
  -0.033     0.00019   1.6     
  -0.00036  -0.23      1.3     
  -9.4e-05  -0.27      1.2     
   0.058    -0.31      0.94    
   0.15     -0.33      0.83    
   0.18     -0.33      0.78    
   0.2      -0.31      0.74    
   0.22     -0.32      0.71    
   0.22     -0.36      0.77    
   0.24     -0.36      0.73    
   0.18     -0.36      0.74    
   0.2      -0.37      0.7     
  -0.00033   0.23      1.3     
  -5.2e-05   0.27      1.2     
   0.059     0.31      0.94    
   0.15      0.33      0.83    
   0.18      0.33      0.78    
   0.2       0.31      0.74    
   0.22      0.32      0.71    
   0.22      0.35      0.77    
   0.24      0.36      0.73    
   0.18      0.36      0.74    
   0.2       0.37      0.7     
   0         0         0       

GEOM_XMAT
   0.7       0.71      6e-05     0.00032  -0.0004    1         0.71     -0.7      -0.00051 
  -4.2e-05  -0.87     -0.5       1        -0.00021   0.00027  -0.00034  -0.5       0.87    
  -4.2e-05  -0.87     -0.5       1        -0.00021   0.00027  -0.00034  -0.5       0.87    
   0.0011   -0.85     -0.53      1         0.0011    0.0003    0.00031  -0.53      0.85    
   0.0011   -0.84     -0.54      1         0.0011    0.00032   0.00031  -0.54      0.84    
   0.0011   -0.94      0.35      1         0.00091  -0.00067   0.00032   0.35      0.94    
   0.0011   -0.94      0.34      1         0.00092  -0.00066   0.00032   0.34      0.94    
   0.0011   -0.94      0.35      1         0.00091  -0.00067   0.00032   0.35      0.94    
  -0.013     0.025     1         0.032    -1         0.025     1         0.032     0.012   
   1         0.00082  -0.071    -0.00079   1         0.00046   0.071    -0.0004    1       
  -0.00044  -0.87     -0.5       1        -0.0002   -0.00052   0.00035  -0.5       0.87    
  -0.00044  -0.87     -0.5       1        -0.0002   -0.00052   0.00035  -0.5       0.87    
   0.0028   -0.85     -0.53      1         0.0036   -0.00042   0.0022   -0.53      0.85    
   0.0028   -0.84     -0.54      1         0.0036   -0.00036   0.0022   -0.54      0.84    
   0.0028   -0.94      0.34      1         0.0019   -0.0031    0.0022    0.34      0.94    
   0.0028   -0.94      0.33      1         0.0019   -0.0031    0.0022    0.33      0.94    
   0.0028   -0.94      0.34      1         0.0019   -0.0031    0.0022    0.34      0.94    
  -0.017    -0.028     1        -0.033    -1        -0.029     1        -0.034     0.016   
   1         0.0027   -0.074    -0.0029    1        -0.0018    0.074     0.002     1       
  -1        -0.0014    6.2e-05   6.2e-05   0.00051   1        -0.0014    1        -0.00051 
   1         1.8e-05   0.062    -7.1e-05   1         0.00086  -0.062    -0.00086   1       
   1         0.00011  -0.041    -8e-05     1         0.00081   0.041    -0.0008    1       
  -0.98      0.00079   0.21     -0.00061  -1         0.00092   0.21      0.00078   0.98    
   0.99      6.9e-05  -0.11      2.7e-05   1         0.00087   0.11     -0.00087   0.99    
   0.99      0.00013  -0.12     -1.9e-05   1         0.00089   0.12     -0.00088   0.99    
  -0.053     1         6.2e-05   0.00052  -3.5e-05   1         1         0.053    -0.00051 
   0.0091   -1         0.016     0.99      0.012     0.17     -0.17      0.014     0.99    
  -0.8      -0.0091   -0.6      -0.094    -0.99      0.14     -0.59      0.17      0.79    
   0.0091   -0.84     -0.55      0.99     -0.085     0.15     -0.17     -0.54      0.83    
  -0.033    -0.84     -0.54      0.99     -0.085     0.07     -0.1      -0.54      0.84    
   0.0091   -0.84     -0.55      0.99     -0.085     0.15     -0.17     -0.54      0.83    
   0.0091   -0.84     -0.55      0.99     -0.085     0.15     -0.17     -0.54      0.83    
   0.0091   -0.84     -0.55      0.99     -0.085     0.15     -0.17     -0.54      0.83    
   0.015    -0.89     -0.46      0.99     -0.064     0.15     -0.17     -0.46      0.87    
   0.0091   -0.84     -0.55      0.99     -0.085     0.15     -0.17     -0.54      0.83    
   0.004    -0.78     -0.62      0.98     -0.11      0.14     -0.17     -0.61      0.77    
  -0.053     1         6.2e-05   0.00052  -3.5e-05   1         1         0.053    -0.00051 
  -0.009    -1         0.016     0.99     -0.011    -0.17      0.17      0.014     0.99    
  -0.8       0.009    -0.6       0.093    -0.99     -0.14     -0.59     -0.17      0.79    
  -0.009    -0.84     -0.55      0.99      0.084    -0.15      0.17     -0.54      0.83    
   0.034    -0.84     -0.54      0.99      0.084    -0.069     0.1      -0.54      0.84    
  -0.009    -0.84     -0.55      0.99      0.084    -0.15      0.17     -0.54      0.83    
  -0.009    -0.84     -0.55      0.99      0.084    -0.15      0.17     -0.54      0.83    
  -0.009    -0.84     -0.55      0.99      0.084    -0.15      0.17     -0.54      0.83    
  -0.0028   -0.89     -0.46      0.99      0.077    -0.15      0.17     -0.46      0.87    
  -0.009    -0.84     -0.55      0.99      0.084    -0.15      0.17     -0.54      0.83    
  -0.014    -0.78     -0.62      0.99      0.091    -0.14      0.16     -0.62      0.77    
   1         0         0         0         1         0         0         0         1       

SITE_XPOS
   0.00038  -0.0002    0.81    
   0.13     -0.096     0.014   
   0.13      0.097     0.014   
   0.15     -0.33      0.83    
   0.15      0.33      0.83    

SITE_XMAT
   1         7.6e-05  -0.0014   -7.6e-05   1         0.00051   0.0014   -0.00051   1       
   1         0.00082  -0.071    -0.00079   1         0.00046   0.071    -0.0004    1       
   1         0.0027   -0.074    -0.0029    1        -0.0018    0.074     0.002     1       
   0.84      0.0091   -0.55      0.085     0.99      0.15      0.54     -0.17      0.83    
   0.84     -0.009    -0.55     -0.084     0.99     -0.15      0.54      0.17      0.83    

LIGHT_XPOS
   0         0         1.5     
   0         0         2       
   0         0         4       

LIGHT_XDIR
   0         0        -1       
   0         0        -1       
   0.018    -8.8e-06  -1       

SUBTREE_COM
   0.058    -2.8e-05   0.85    
   0.058    -2.8e-05   0.85    
   0.11     -0.096     0.43    
   0.12     -0.096     0.39    
   0.13     -0.096     0.35    
   0.14     -0.096     0.19    
   0.11     -0.096     0.072   
   0.13     -0.096     0.044   
   0.11      0.096     0.43    
   0.12      0.096     0.39    
   0.13      0.096     0.34    
   0.14      0.097     0.19    
   0.11      0.097     0.071   
   0.13      0.097     0.044   
   0.046    -3.8e-05   1.1     
   0.048    -3.5e-05   1.1     
   0.049    -3.2e-05   1.1     
   0.0031    0.00016   1.5     
   0.0044    0.00017   1.5     
   0.0063    0.00018   1.6     
   0.076    -0.29      1       
   0.086    -0.3       0.98    
   0.1      -0.31      0.92    
   0.15     -0.33      0.82    
   0.18     -0.33      0.78    
   0.19     -0.34      0.76    
   0.2      -0.34      0.74    
   0.21     -0.31      0.72    
   0.23     -0.32      0.71    
   0.23     -0.36      0.75    
   0.25     -0.36      0.73    
   0.19     -0.36      0.72    
   0.2      -0.37      0.7     
   0.076     0.29      1       
   0.086     0.3       0.98    
   0.1       0.31      0.92    
   0.15      0.33      0.82    
   0.18      0.33      0.78    
   0.19      0.34      0.76    
   0.2       0.34      0.74    
   0.21      0.31      0.72    
   0.23      0.32      0.71    
   0.23      0.36      0.75    
   0.25      0.36      0.73    
   0.19      0.36      0.72    
   0.2       0.37      0.7     
   0         0         0       

CDOF
   0         0         0         1         0         0       
   0         0         0         0         1         0       
   0         0         0         0         0         1       
   1        -7.6e-05   0.0014   -3.6e-06  -0.045     0.00018 
   7.6e-05   1        -0.00051   0.045    -3.3e-05  -0.057   
  -0.0014    0.00051   1        -0.00015   0.057    -3e-05   
   7.6e-05   1        -0.00051   0.045    -3.3e-05  -0.057   
   0.87      0.00019   0.5      -0.048    -0.0098    0.083   
  -0.5       0.00027   0.87     -0.083     0.072    -0.048   
   0.0011    1         0.00032   0.39     -0.00046   0.12    
   0.94     -0.00091  -0.35      0.033    -0.68      0.09    
   0.00082   1        -0.0004    0.74     -0.00059   0.034   
   7.6e-05   1        -0.00051   0.045    -3.3e-05  -0.057   
   0.87      0.00019   0.5       0.048    -0.01     -0.083   
  -0.5      -0.00052   0.87      0.083     0.072     0.048   
   0.0028    1         0.0022    0.39     -0.0014    0.12    
   0.94     -0.0019   -0.34     -0.035    -0.68     -0.091   
   0.0027    1         0.002     0.74     -0.0021    0.035   

CINERT
   0         0         0         0         0         0         0         0         0         0       
   0.091     0.14      0.16     -0.00011  -0.0072   -4.9e-06  -0.67     -0.0016   -0.11      10      
   0.013     0.0072    0.014    -0.0055   -0.0026   -0.0043   -0.057    -0.096    -0.045     1       
   0.013     0.0072    0.014    -0.0055   -0.0026   -0.0043   -0.057    -0.096    -0.045     1       
   0.21      0.2       0.054     0.018     0.053    -0.066     0.19     -0.29     -0.69      3       
   0.98      0.99      0.071     0.03      0.16     -0.16      0.31     -0.29     -1.7       3       
   0.56      0.55      0.011     0.0033    0.025    -0.071     0.034    -0.096    -0.74      1       
   0.99      0.99      0.027     0.0099    0.083    -0.12      0.1      -0.14     -1.2       1.5     
   0.013     0.0072    0.014     0.0055   -0.0026    0.0043   -0.057     0.096    -0.045     1       
   0.013     0.0072    0.014     0.0055   -0.0026    0.0043   -0.057     0.096    -0.045     1       
   0.21      0.2       0.053    -0.018     0.053     0.066     0.18      0.29     -0.69      3       
   0.98      0.99      0.071    -0.03      0.16      0.16      0.31      0.29     -1.7       3       
   0.56      0.55      0.011    -0.0034    0.026     0.072     0.035     0.097    -0.74      1       
   1         0.99      0.028    -0.01      0.085     0.12      0.11      0.15     -1.2       1.5     
   0.0077    0.011     0.0065   -6.5e-06   0.0044    9.5e-06  -0.057    -0.00011   0.077     1       
   0.024     0.027     0.0057   -4.4e-06   0.0085    1.1e-05  -0.058    -7.7e-05   0.15      1       
   1.7       1.6       0.15      1.3e-05   0.15     -0.00016  -0.38      0.00045   3.9       10      
   0.15      0.15      0.0025    4e-06     0.017    -3.6e-05  -0.031     6.5e-05   0.28      0.5     
   0.18      0.18      0.0024    4.8e-06   0.018    -4.7e-05  -0.031     7.8e-05   0.3       0.5     
   1         1         0.015     2.2e-05   0.073    -0.0003   -0.1       0.00042   1.4       2       
   0.29      0.23      0.063    -0.014     0.028     0.11     -0.058    -0.24      0.48      1       
   0.29      0.23      0.063    -0.014     0.028     0.11     -0.058    -0.24      0.48      1       
   0.33      0.19      0.16     -0.032     0.034     0.16     -0.12     -0.54      0.58      2       
   0.11      0.018     0.1       0.00057   0.0036    0.025    -0.00023  -0.31      0.084     1       
   0.11      0.009     0.12      0.029     0.0019   -0.0071    0.089    -0.33     -0.022     1       
   0.054     0.0045    0.058     0.015     0.00097  -0.0036    0.044    -0.16     -0.011     0.5     
   0.056     0.011     0.061     0.02      0.0044   -0.012     0.061    -0.16     -0.037     0.5     
   0.022     0.0065    0.023     0.0089    0.0031   -0.0068    0.029    -0.062    -0.022     0.2     
   0.024     0.01      0.026     0.011     0.0049   -0.0092    0.034    -0.063    -0.029     0.2     
   0.027     0.0069    0.031     0.012     0.0029   -0.0062    0.033    -0.071    -0.017     0.2     
   0.029     0.01      0.033     0.014     0.0047   -0.009     0.038    -0.072    -0.025     0.2     
   0.029     0.0056    0.029     0.0088    0.0028   -0.0082    0.024    -0.072    -0.023     0.2     
   0.031     0.0089    0.031     0.011     0.0044   -0.011     0.029    -0.073    -0.03      0.2     
   0.29      0.23      0.063     0.014     0.028    -0.11     -0.058     0.24      0.48      1       
   0.29      0.23      0.063     0.014     0.028    -0.11     -0.058     0.24      0.48      1       
   0.33      0.19      0.16      0.031     0.034    -0.16     -0.12      0.54      0.58      2       
   0.11      0.018     0.1      -0.00058   0.0036   -0.025    -0.00019   0.31      0.084     1       
   0.11      0.0091    0.12     -0.029     0.002     0.0072    0.089     0.33     -0.022     1       
   0.054     0.0045    0.058    -0.015     0.00099   0.0036    0.045     0.16     -0.011     0.5     
   0.056     0.011     0.061    -0.02      0.0045    0.012     0.061     0.16     -0.037     0.5     
   0.022     0.0066    0.023    -0.0088    0.0032    0.0068    0.029     0.062    -0.022     0.2     
   0.024     0.01      0.026    -0.011     0.0049    0.0092    0.034     0.063    -0.029     0.2     
   0.027     0.007     0.031    -0.012     0.0029    0.0062    0.033     0.071    -0.018     0.2     
   0.029     0.01      0.033    -0.014     0.0047    0.009     0.038     0.072    -0.025     0.2     
   0.028     0.0057    0.029    -0.0088    0.0028    0.0082    0.024     0.072    -0.023     0.2     
   0.031     0.009     0.031    -0.011     0.0045    0.011     0.029     0.073    -0.03      0.2     
   0         0         0         0         0         0         0         0         0         0       

ACTUATOR_LENGTH
  -0.52    
   0.00021 
  -0.0013  
   0.88    
  -0.00077 
  -0.43    
  -0.52    
   0.001   
  -0.0038  
   0.87    
  -0.00025 
  -0.42    

ACTUATOR_MOMENT
   0         0         0         0         0         0         1         0         0         0         0         0         0         0         0         0         0         0       
   0         0         0         0         0         0         0         1         0         0         0         0         0         0         0         0         0         0       
   0         0         0         0         0         0         0         0         1         0         0         0         0         0         0         0         0         0       
   0         0         0         0         0         0         0         0         0         1         0         0         0         0         0         0         0         0       
   0         0         0         0         0         0         0         0         0         0         1         0         0         0         0         0         0         0       
   0         0         0         0         0         0         0         0         0         0         0         1         0         0         0         0         0         0       
   0         0         0         0         0         0         0         0         0         0         0         0         1         0         0         0         0         0       
   0         0         0         0         0         0         0         0         0         0         0         0         0         1         0         0         0         0       
   0         0         0         0         0         0         0         0         0         0         0         0         0         0         1         0         0         0       
   0         0         0         0         0         0         0         0         0         0         0         0         0         0         0         1         0         0       
   0         0         0         0         0         0         0         0         0         0         0         0         0         0         0         0         1         0       
   0         0         0         0         0         0         0         0         0         0         0         0         0         0         0         0         0         1       

CRB
   0         0         0         0         0         0         0         0         0         0       
   11        10        2.3      -0.00042   1.1       0.0028   -4.4e-16   0        -4.4e-15   62      
   2.8       2.7       0.19      0.05      0.32     -0.42      0.52     -1        -4.4       10      
   2.8       2.7       0.18      0.055     0.32     -0.42      0.57     -0.91     -4.4       9.5     
   2.7       2.7       0.16      0.061     0.32     -0.41      0.63     -0.82     -4.3       8.5     
   2.5       2.5       0.11      0.043     0.27     -0.35      0.44     -0.53     -3.6       5.5     
   1.6       1.5       0.038     0.013     0.11     -0.19      0.14     -0.24     -2         2.5     
   0.99      0.99      0.027     0.0099    0.083    -0.12      0.1      -0.14     -1.2       1.5     
   2.8       2.8       0.19     -0.05      0.32      0.43      0.52      1        -4.4       10      
   2.8       2.7       0.18     -0.056     0.32      0.42      0.58      0.92     -4.4       9.5     
   2.7       2.7       0.16     -0.061     0.33      0.42      0.63      0.82     -4.3       8.5     
   2.5       2.5       0.11     -0.043     0.27      0.35      0.45      0.53     -3.6       5.5     
   1.6       1.5       0.039    -0.014     0.11      0.19      0.14      0.24     -2         2.5     
   1         0.99      0.028    -0.01      0.085     0.12      0.11      0.15     -1.2       1.5     
   5.8       4.5       1.8       0.00011   0.51     -4.7e-05  -0.36     -0.00033   8.9       31      
   5.8       4.5       1.8       0.00011   0.51     -5.7e-05  -0.3      -0.00022   8.8       30      
   5.8       4.5       1.8       0.00012   0.5      -6.8e-05  -0.25     -0.00014   8.7       29      
   1.4       1.4       0.02      3e-05     0.11     -0.00038  -0.16      0.00057   2         3       
   1.2       1.2       0.017     2.6e-05   0.091    -0.00035  -0.13      0.0005    1.7       2.5     
   1         1         0.015     2.2e-05   0.073    -0.0003   -0.1       0.00042   1.4       2       
   1.4       0.75      0.79      0.069     0.12      0.34      0.15     -2.4       1.4       8.2     
   1.1       0.51      0.73      0.083     0.096     0.22      0.21     -2.2       0.93      7.2     
   0.82      0.28      0.67      0.097     0.068     0.11      0.26     -1.9       0.45      6.2     
   0.49      0.09      0.51      0.13      0.034    -0.048     0.38     -1.4      -0.13      4.2     
   0.38      0.073     0.41      0.13      0.03     -0.073     0.38     -1.1      -0.22      3.2     
   0.27      0.064     0.29      0.099     0.028    -0.066     0.29     -0.74     -0.19      2.2     
   0.22      0.059     0.23      0.084     0.027    -0.063     0.25     -0.58     -0.18      1.7     
   0.046     0.017     0.049     0.019     0.0081   -0.016     0.062    -0.12     -0.051     0.4     
   0.024     0.01      0.026     0.011     0.0049   -0.0092    0.034    -0.063    -0.029     0.2     
   0.056     0.017     0.064     0.025     0.0076   -0.015     0.07     -0.14     -0.042     0.4     
   0.029     0.01      0.033     0.014     0.0047   -0.009     0.038    -0.072    -0.025     0.2     
   0.06      0.015     0.06      0.019     0.0072   -0.019     0.054    -0.15     -0.053     0.4     
   0.031     0.0089    0.031     0.011     0.0044   -0.011     0.029    -0.073    -0.03      0.2     
   1.4       0.75      0.79     -0.069     0.12     -0.34      0.15      2.4       1.4       8.2     
   1.1       0.51      0.73     -0.083     0.096    -0.22      0.21      2.2       0.92      7.2     
   0.82      0.28      0.67     -0.097     0.068    -0.11      0.26      1.9       0.45      6.2     
   0.49      0.09      0.51     -0.13      0.034     0.049     0.38      1.4      -0.13      4.2     
   0.38      0.073     0.41     -0.13      0.03      0.073     0.38      1.1      -0.22      3.2     
   0.27      0.064     0.29     -0.099     0.028     0.066     0.29      0.74     -0.19      2.2     
   0.22      0.059     0.23     -0.084     0.027     0.063     0.25      0.58     -0.18      1.7     
   0.046     0.017     0.049    -0.019     0.0081    0.016     0.062     0.12     -0.051     0.4     
   0.024     0.01      0.026    -0.011     0.0049    0.0092    0.034     0.063    -0.029     0.2     
   0.056     0.017     0.064    -0.025     0.0076    0.015     0.07      0.14     -0.043     0.4     
   0.029     0.01      0.033    -0.014     0.0047    0.009     0.038     0.072    -0.025     0.2     
   0.06      0.015     0.06     -0.019     0.0073    0.019     0.054     0.14     -0.053     0.4     
   0.031     0.009     0.031    -0.011     0.0045    0.011     0.029     0.073    -0.03      0.2     
   0         0         0         0         0         0         0         0         0         0       

QM
   62        0         0        -0.00023   2.8      -0.0095   -3.9      -0.00074  -0.001    -1.5       6.3e-05  -0.1      -3.9      -0.0036   -0.0028   -1.5       0.00021  -0.1     
   0         62        0        -2.8      -0.002     3.6      -0.00027   4        -1         0.0015    0.077     6.2e-05  -0.00027   4        -1         0.0037    0.077     0.00038 
   0         0         62        0.011    -3.6      -0.0018   -1.1      -0.00024  -0.00029   0.22     -3.1e-05  -0.052    -1.1       0.0046   -0.0022    0.21      0.00015  -0.053   
  -0.00023  -2.8       0.011     12       -0.0015    0.98      0.11      2.3      -0.7      -0.02      0.061     0.005    -0.11      2.3      -0.7       0.023     0.061    -0.0048  
   2.8      -0.002    -3.6      -0.0015    10        0.0064    2.5       0.00044   0.00075   0.98     -4.6e-05   0.09      2.5       0.0016    0.0022    0.99     -0.00018   0.09    
  -0.0095    3.6      -0.0018    0.98      0.0064    2.5      -0.38      0.54     -0.1      -0.14      0.007    -0.0097    0.38      0.54     -0.1       0.14      0.007     0.01    
  -3.9      -0.00027  -1.1       0.11      2.5      -0.38      2.7       0.00044   0.00075   0.98     -4.6e-05   0.09      0         0         0         0         0         0       
  -0.00074   4        -0.00024   2.3       0.00044   0.54      0.00044   2.4      -0.66      0.0013    0.056     6.5e-05   0         0         0         0         0         0       
  -0.001    -1        -0.00029  -0.7       0.00075  -0.1       0.00075  -0.66      0.39     -1.9e-05  -0.024     1e-05     0         0         0         0         0         0       
  -1.5       0.0015    0.22     -0.02      0.98     -0.14      0.98      0.0013   -1.9e-05   0.65      4.3e-06   0.045     0         0         0         0         0         0       
   6.3e-05   0.077    -3.1e-05   0.061    -4.6e-05   0.007    -4.6e-05   0.056    -0.024     4.3e-06   0.072    -9.5e-18   0         0         0         0         0         0       
  -0.1       6.2e-05  -0.052     0.005     0.09     -0.0097    0.09      6.5e-05   1e-05     0.045    -9.5e-18   0.15      0         0         0         0         0         0       
  -3.9      -0.00027  -1.1      -0.11      2.5       0.38      0         0         0         0         0         0         2.7       0.0016    0.0022    0.99     -0.00018   0.09    
  -0.0036    4         0.0046    2.3       0.0016    0.54      0         0         0         0         0         0         0.0016    2.4      -0.66      0.0037    0.056     0.00032 
  -0.0028   -1        -0.0022   -0.7       0.0022   -0.1       0         0         0         0         0         0         0.0022   -0.66      0.38     -6.1e-06  -0.024     3.3e-06 
  -1.5       0.0037    0.21      0.023     0.99      0.14      0         0         0         0         0         0         0.99      0.0037   -6.1e-06   0.65      1.4e-06   0.045   
   0.00021   0.077     0.00015   0.061    -0.00018   0.007     0         0         0         0         0         0        -0.00018   0.056    -0.024     1.4e-06   0.072     6.1e-18 
  -0.1       0.00038  -0.053    -0.0048    0.09      0.01      0         0         0         0         0         0         0.09      0.00032   3.3e-06   0.045     6.1e-18   0.15    

QLD
   33        8.9e-05  -0.0016   -0.00013   1.7      -6.7e-05  -1.5       0.00021  -0.0028   -2.3       0.00088  -0.69     -1.5       2.9e-05  -0.0073   -2.3       0.0029   -0.69    
   8.9e-05   34        7e-05    -1.4      -0.0003    0.82     -0.00028   1.8      -2.6       0.0024    1.1       0.00042   0.00033   1.8      -2.6       0.0056    1.1       0.0026  
  -0.0016    7e-05     58        0.00095  -0.31     -0.00029  -1.2      -0.00088  -0.00076   0.37     -0.00043  -0.35     -1.2      -0.00025  -0.0058    0.36      0.0021   -0.36    
  -0.00013  -1.4       0.00095   7.3      -2.1e-05   0.013     0.12      0.82     -1.8      -0.034     0.84      0.034    -0.12      0.83     -1.8       0.039     0.85     -0.032   
   1.7      -0.0003   -0.31     -2.1e-05   5.8       0.00014   0.83     -0.00011   0.002     1.5      -0.00064   0.61      0.83     -0.00025   0.0057    1.5      -0.0025    0.61    
  -6.7e-05   0.82     -0.00029   0.013     0.00014   2.1      -0.14      0.29     -0.26     -0.22      0.096    -0.066     0.14      0.29     -0.26      0.22      0.098     0.067   
  -1.5      -0.00028  -1.2       0.12      0.83     -0.14      1.2      -0.00011   0.002     1.5      -0.00064   0.61      0         0         0         0         0         0       
   0.00021   1.8      -0.00088   0.82     -0.00011   0.29     -0.00011   1.3      -1.7       0.0019    0.78      0.00044   0         0         0         0         0         0       
  -0.0028   -2.6      -0.00076  -1.8       0.002    -0.26      0.002    -1.7       0.38     -3.2e-05  -0.34      7.1e-05   0         0         0         0         0         0       
  -2.3       0.0024    0.37     -0.034     1.5      -0.22      1.5       0.0019   -3.2e-05   0.63      6e-05     0.31      0         0         0         0         0         0       
   0.00088   1.1      -0.00043   0.84     -0.00064   0.096    -0.00064   0.78     -0.34      6e-05     0.072    -6.4e-17   0         0         0         0         0         0       
  -0.69      0.00042  -0.35      0.034     0.61     -0.066     0.61      0.00044   7.1e-05   0.31     -6.4e-17   0.15      0         0         0         0         0         0       
  -1.5       0.00033  -1.2      -0.12      0.83      0.14      0         0         0         0         0         0         1.2      -0.00025   0.0057    1.5      -0.0025    0.61    
   2.9e-05   1.8      -0.00025   0.83     -0.00025   0.29      0         0         0         0         0         0        -0.00025   1.3      -1.7       0.0057    0.78      0.0022  
  -0.0073   -2.6      -0.0058   -1.8       0.0057   -0.26      0         0         0         0         0         0         0.0057   -1.7       0.38     -1e-05    -0.34      2.2e-05 
  -2.3       0.0056    0.36      0.039     1.5       0.22      0         0         0         0         0         0         1.5       0.0057   -1e-05     0.63      1.9e-05   0.31    
   0.0029    1.1       0.0021    0.85     -0.0025    0.098     0         0         0         0         0         0        -0.0025    0.78     -0.34      1.9e-05   0.072     4.1e-17 
  -0.69      0.0026   -0.36     -0.032     0.61      0.067     0         0         0         0         0         0         0.61      0.0022    2.2e-05   0.31      4.1e-17   0.15    

QLDIAGINV
   0.03    
   0.03    
   0.017   
   0.14    
   0.17    
   0.47    
   0.86    
   0.78    
   2.6     
   1.6     
   14      
   6.8     
   0.86    
   0.78    
   2.7     
   1.6     
   14      
   6.8     

QLDIAGSQRTINV
   0.17    
   0.17    
   0.13    
   0.37    
   0.41    
   0.68    
   0.93    
   0.88    
   1.6     
   1.3     
   3.7     
   2.6     
   0.93    
   0.88    
   1.6     
   1.3     
   3.7     
   2.6     

D_rownnz              18 18 18 18 18 18 12 12 12 12 12 12 12 12 12 12 12 12

D_rowadr              0 18 36 54 72 90 108 120 132 144 156 168 180 192 204 216 228 240

D_colind              0 1 2 3 4 5 6 7 8 9 10 11 12 13 14 15 16 17 0 1 2 3 4 5 6 7 8 9 10 11 12 13 14 15 16 17 0 1 2 3 4 5 6 7 8 9 10 11 12 13 14 15 16 17 0 1 2 3 4 5 6 7 8 9 10 11 12 13 14 15 16 17 0 1 2 3 4 5 6 7 8 9 10 11 12 13 14 15 16 17 0 1 2 3 4 5 6 7 8 9 10 11 12 13 14 15 16 17 0 1 2 3 4 5 6 7 8 9 10 11 0 1 2 3 4 5 6 7 8 9 10 11 0 1 2 3 4 5 6 7 8 9 10 11 0 1 2 3 4 5 6 7 8 9 10 11 0 1 2 3 4 5 6 7 8 9 10 11 0 1 2 3 4 5 6 7 8 9 10 11 0 1 2 3 4 5 12 13 14 15 16 17 0 1 2 3 4 5 12 13 14 15 16 17 0 1 2 3 4 5 12 13 14 15 16 17 0 1 2 3 4 5 12 13 14 15 16 17 0 1 2 3 4 5 12 13 14 15 16 17 0 1 2 3 4 5 12 13 14 15 16 17

B_rownnz              18 18 12 12 12 12 12 12 12 12 12 12 12 12 6 6 6 6 6 6 6 6 6 6 6 6 6 6 6 6 6 6 6 6 6 6 6 6 6 6 6 6 6 6 6 6 0

B_rowadr              0 18 36 48 60 72 84 96 108 120 132 144 156 168 180 186 192 198 204 210 216 222 228 234 240 246 252 258 264 270 276 282 288 294 300 306 312 318 324 330 336 342 348 354 360 366 372

B_colind              0 1 2 3 4 5 6 7 8 9 10 11 12 13 14 15 16 17 0 1 2 3 4 5 6 7 8 9 10 11 12 13 14 15 16 17 0 1 2 3 4 5 6 7 8 9 10 11 0 1 2 3 4 5 6 7 8 9 10 11 0 1 2 3 4 5 6 7 8 9 10 11 0 1 2 3 4 5 6 7 8 9 10 11 0 1 2 3 4 5 6 7 8 9 10 11 0 1 2 3 4 5 6 7 8 9 10 11 0 1 2 3 4 5 12 13 14 15 16 17 0 1 2 3 4 5 12 13 14 15 16 17 0 1 2 3 4 5 12 13 14 15 16 17 0 1 2 3 4 5 12 13 14 15 16 17 0 1 2 3 4 5 12 13 14 15 16 17 0 1 2 3 4 5 12 13 14 15 16 17 0 1 2 3 4 5 0 1 2 3 4 5 0 1 2 3 4 5 0 1 2 3 4 5 0 1 2 3 4 5 0 1 2 3 4 5 0 1 2 3 4 5 0 1 2 3 4 5 0 1 2 3 4 5 0 1 2 3 4 5 0 1 2 3 4 5 0 1 2 3 4 5 0 1 2 3 4 5 0 1 2 3 4 5 0 1 2 3 4 5 0 1 2 3 4 5 0 1 2 3 4 5 0 1 2 3 4 5 0 1 2 3 4 5 0 1 2 3 4 5 0 1 2 3 4 5 0 1 2 3 4 5 0 1 2 3 4 5 0 1 2 3 4 5 0 1 2 3 4 5 0 1 2 3 4 5 0 1 2 3 4 5 0 1 2 3 4 5 0 1 2 3 4 5 0 1 2 3 4 5 0 1 2 3 4 5 0 1 2 3 4 5

QDERIV
   0         0         0         0         0         0         0         0         0         0         0         0         0         0         0         0         0         0       
   0         0         0         0         0         0         0         0         0         0         0         0         0         0         0         0         0         0       
   0         0         0         0         0         0         0         0         0         0         0         0         0         0         0         0         0         0       
   0         0         0         0         0         0         0         0         0         0         0         0         0         0         0         0         0         0       
   0         0         0         0         0         0         0         0         0         0         0         0         0         0         0         0         0         0       
   0         0         0         0         0         0         0         0         0         0         0         0         0         0         0         0         0         0       
   0         0         0         0         0         0         0         0         0         0         0         0         0         0         0         0         0         0       
   0         0         0         0         0         0         0         0         0         0         0         0         0         0         0         0         0         0       
   0         0         0         0         0         0         0         0         0         0         0         0         0         0         0         0         0         0       
   0         0         0         0         0         0         0         0         0         0         0         0         0         0         0         0         0         0       
   0         0         0         0         0         0         0         0         0         0         0         0         0         0         0         0         0         0       
   0         0         0         0         0         0         0         0         0         0         0         0         0         0         0         0         0         0       
   0         0         0         0         0         0         0         0         0         0         0         0         0         0         0         0         0         0       
   0         0         0         0         0         0         0         0         0         0         0         0         0         0         0         0         0         0       
   0         0         0         0         0         0         0         0         0         0         0         0         0         0         0         0         0         0       
   0         0         0         0         0         0         0         0         0         0         0         0         0         0         0         0         0         0       
   0         0         0         0         0         0         0         0         0         0         0         0         0         0         0         0         0         0       
   0         0         0         0         0         0         0         0         0         0         0         0         0         0         0         0         0         0       

QLU
   0         0         0         0         0         0         0         0         0         0         0         0         0         0         0         0         0         0       
   0         0         0         0         0         0         0         0         0         0         0         0         0         0         0         0         0         0       
   0         0         0         0         0         0         0         0         0         0         0         0         0         0         0         0         0         0       
   0         0         0         0         0         0         0         0         0         0         0         0         0         0         0         0         0         0       
   0         0         0         0         0         0         0         0         0         0         0         0         0         0         0         0         0         0       
   0         0         0         0         0         0         0         0         0         0         0         0         0         0         0         0         0         0       
   0         0         0         0         0         0         0         0         0         0         0         0         0         0         0         0         0         0       
   0         0         0         0         0         0         0         0         0         0         0         0         0         0         0         0         0         0       
   0         0         0         0         0         0         0         0         0         0         0         0         0         0         0         0         0         0       
   0         0         0         0         0         0         0         0         0         0         0         0         0         0         0         0         0         0       
   0         0         0         0         0         0         0         0         0         0         0         0         0         0         0         0         0         0       
   0         0         0         0         0         0         0         0         0         0         0         0         0         0         0         0         0         0       
   0         0         0         0         0         0         0         0         0         0         0         0         0         0         0         0         0         0       
   0         0         0         0         0         0         0         0         0         0         0         0         0         0         0         0         0         0       
   0         0         0         0         0         0         0         0         0         0         0         0         0         0         0         0         0         0       
   0         0         0         0         0         0         0         0         0         0         0         0         0         0         0         0         0         0       
   0         0         0         0         0         0         0         0         0         0         0         0         0         0         0         0         0         0       
   0         0         0         0         0         0         0         0         0         0         0         0         0         0         0         0         0         0       

CONTACT
  0:
     dim           3
     geoms         floor : //unnamed_geom_9
     exclude       0
     efc_address   0
     solref         0.02      1       
     solimp         0.9       0.95      0.001     0.5       2       
     dist          -0.0004  
     includemargin  0       
     pos            0.029    -0.046    -0.0002  
     frame          0         0         1         0         1         0        -1         0         0       
     friction       1         1         0.005     0.0001    0.0001  
     mu             1       
  1:
     dim           3
     geoms         floor : //unnamed_geom_9
     exclude       0
     efc_address   4
     solref         0.02      1       
     solimp         0.9       0.95      0.001     0.5       2       
     dist          -0.00036 
     includemargin  0       
     pos            0.028    -0.15     -0.00018 
     frame          0         0         1         0         1         0        -1         0         0       
     friction       1         1         0.005     0.0001    0.0001  
     mu             1       
  2:
     dim           3
     geoms         floor : //unnamed_geom_18
     exclude       0
     efc_address   8
     solref         0.02      1       
     solimp         0.9       0.95      0.001     0.5       2       
     dist          -0.0012  
     includemargin  0       
     pos            0.03      0.15     -0.00061 
     frame          0         0         1         0         1         0        -1         0         0       
     friction       1         1         0.005     0.0001    0.0001  
     mu             1       
  3:
     dim           3
     geoms         floor : //unnamed_geom_18
     exclude       0
     efc_address   12
     solref         0.02      1       
     solimp         0.9       0.95      0.001     0.5       2       
     dist          -0.0014  
     includemargin  0       
     pos            0.03      0.047    -0.00071 
     frame          0         0         1         0         1         0        -1         0         0       
     friction       1         1         0.005     0.0001    0.0001  
     mu             1       

EFC_TYPE
  6
  6
  6
  6
  6
  6
  6
  6
  6
  6
  6
  6
  6
  6
  6
  6

EFC_ID
  0
  0
  0
  0
  1
  1
  1
  1
  2
  2
  2
  2
  3
  3
  3
  3

EFC_J
   0         1         1         0.76     -0.028     0.027    -0.028     0.76     -0.41      0.15      0.17      0.063     0         0         0         0         0         0       
   0        -1         1        -0.85     -0.028    -0.027    -0.028    -0.67      0.36      0.15     -0.08      0.063     0         0         0         0         0         0       
  -1         0         1        -0.046     0.78     -0.045     0.78      0.069     0.018     0.61      0.029     0.18      0         0         0         0         0         0       
   1         0         1        -0.046    -0.84      0.046    -0.84      0.018    -0.069    -0.31      0.064    -0.049     0         0         0         0         0         0       
   0         1         1         0.66     -0.028     0.027    -0.028     0.67     -0.36      0.15      0.08      0.063     0         0         0         0         0         0       
   0        -1         1        -0.95     -0.028    -0.027    -0.028    -0.76      0.41      0.15     -0.17      0.063     0         0         0         0         0         0       
  -1         0         1        -0.15      0.78     -0.15      0.78     -0.068    -0.018     0.61     -0.03      0.18      0         0         0         0         0         0       
   1         0         1        -0.15     -0.84      0.15     -0.84     -0.018     0.068    -0.31     -0.064    -0.049     0         0         0         0         0         0       
   0         1         1         0.96     -0.03      0.028     0         0         0         0         0         0        -0.03      0.76     -0.4       0.15      0.17      0.063   
   0        -1         1        -0.66     -0.03     -0.029     0         0         0         0         0         0        -0.03     -0.67      0.35      0.15     -0.08      0.063   
  -1         0         1         0.15      0.78      0.15      0         0         0         0         0         0         0.78      0.071     0.018     0.61      0.03      0.17    
   1         0         1         0.15     -0.84     -0.15      0         0         0         0         0         0        -0.84      0.019    -0.07     -0.31      0.065    -0.049   
   0         1         1         0.86     -0.029     0.028     0         0         0         0         0         0        -0.029     0.67     -0.35      0.15      0.08      0.063   
   0        -1         1        -0.76     -0.029    -0.028     0         0         0         0         0         0        -0.029    -0.76      0.4       0.15     -0.17      0.063   
  -1         0         1         0.048     0.78      0.048     0         0         0         0         0         0         0.78     -0.066    -0.018     0.61     -0.03      0.17    
   1         0         1         0.048    -0.84     -0.048     0         0         0         0         0         0        -0.84     -0.018     0.066    -0.31     -0.064    -0.049   

EFC_POS
  -0.0004  
  -0.0004  
  -0.0004  
  -0.0004  
  -0.00036 
  -0.00036 
  -0.00036 
  -0.00036 
  -0.0012  
  -0.0012  
  -0.0012  
  -0.0012  
  -0.0014  
  -0.0014  
  -0.0014  
  -0.0014  

EFC_MARGIN
   0       
   0       
   0       
   0       
   0       
   0       
   0       
   0       
   0       
   0       
   0       
   0       
   0       
   0       
   0       
   0       

EFC_FRICTIONLOSS
   0       
   0       
   0       
   0       
   0       
   0       
   0       
   0       
   0       
   0       
   0       
   0       
   0       
   0       
   0       
   0       

EFC_DIAGAPPROX
   0.79    
   0.79    
   0.79    
   0.79    
   0.79    
   0.79    
   0.79    
   0.79    
   0.79    
   0.79    
   0.79    
   0.79    
   0.79    
   0.79    
   0.79    
   0.79    

EFC_KBIP
   2.8e+03   1.1e+02   0.92     -81      
   2.8e+03   1.1e+02   0.92     -81      
   2.8e+03   1.1e+02   0.92     -81      
   2.8e+03   1.1e+02   0.92     -81      
   2.8e+03   1.1e+02   0.91     -73      
   2.8e+03   1.1e+02   0.91     -73      
   2.8e+03   1.1e+02   0.91     -73      
   2.8e+03   1.1e+02   0.91     -73      
   2.8e+03   1.1e+02   0.95      0       
   2.8e+03   1.1e+02   0.95      0       
   2.8e+03   1.1e+02   0.95      0       
   2.8e+03   1.1e+02   0.95      0       
   2.8e+03   1.1e+02   0.95      0       
   2.8e+03   1.1e+02   0.95      0       
   2.8e+03   1.1e+02   0.95      0       
   2.8e+03   1.1e+02   0.95      0       

EFC_D
   14      
   14      
   14      
   14      
   13      
   13      
   13      
   13      
   24      
   24      
   24      
   24      
   24      
   24      
   24      
   24      

EFC_R
   0.072   
   0.072   
   0.072   
   0.072   
   0.075   
   0.075   
   0.075   
   0.075   
   0.042   
   0.042   
   0.042   
   0.042   
   0.042   
   0.042   
   0.042   
   0.042   

ACTUATOR_VELOCITY
  -0.085   
   0.0032  
  -0.068   
   0.57    
  -0.031   
  -0.27    
  -0.27    
   0.054   
  -0.11    
   0.7     
  -0.12    
   0.17    

CVEL
   0         0         0         0         0         0       
  -0.022    -0.12     -0.00083   0.024    -0.011    -0.18    
  -0.022    -0.2      -0.00079   0.02     -0.011    -0.17    
  -0.019    -0.2       0.00084   0.02     -0.011    -0.17    
   0.014    -0.2      -0.058     0.025    -0.016    -0.17    
   0.015     0.37     -0.057     0.25     -0.016    -0.1     
  -0.014     0.37     -0.047     0.25      0.0044   -0.1     
  -0.014     0.1      -0.047     0.049     0.0046   -0.11    
  -0.022    -0.39     -0.00069   0.011    -0.011    -0.16    
   0.024    -0.39      0.026     0.014    -0.012    -0.17    
   0.077    -0.39     -0.065     0.0053   -0.019    -0.17    
   0.079     0.31     -0.064     0.28     -0.02     -0.087   
  -0.03      0.31     -0.024     0.28      0.059    -0.077   
  -0.03      0.47     -0.024     0.41      0.059    -0.071   
  -0.022    -0.12     -0.00083   0.024    -0.011    -0.18    
  -0.022    -0.12     -0.00083   0.024    -0.011    -0.18    
  -0.022    -0.12     -0.00083   0.024    -0.011    -0.18    
  -0.022    -0.12     -0.00083   0.024    -0.011    -0.18    
  -0.022    -0.12     -0.00083   0.024    -0.011    -0.18    
  -0.022    -0.12     -0.00083   0.024    -0.011    -0.18    
  -0.022    -0.12     -0.00083   0.024    -0.011    -0.18    
  -0.022    -0.12     -0.00083   0.024    -0.011    -0.18    
  -0.022    -0.12     -0.00083   0.024    -0.011    -0.18    
  -0.022    -0.12     -0.00083   0.024    -0.011    -0.18    
  -0.022    -0.12     -0.00083   0.024    -0.011    -0.18    
  -0.022    -0.12     -0.00083   0.024    -0.011    -0.18    
  -0.022    -0.12     -0.00083   0.024    -0.011    -0.18    
  -0.022    -0.12     -0.00083   0.024    -0.011    -0.18    
  -0.022    -0.12     -0.00083   0.024    -0.011    -0.18    
  -0.022    -0.12     -0.00083   0.024    -0.011    -0.18    
  -0.022    -0.12     -0.00083   0.024    -0.011    -0.18    
  -0.022    -0.12     -0.00083   0.024    -0.011    -0.18    
  -0.022    -0.12     -0.00083   0.024    -0.011    -0.18    
  -0.022    -0.12     -0.00083   0.024    -0.011    -0.18    
  -0.022    -0.12     -0.00083   0.024    -0.011    -0.18    
  -0.022    -0.12     -0.00083   0.024    -0.011    -0.18    
  -0.022    -0.12     -0.00083   0.024    -0.011    -0.18    
  -0.022    -0.12     -0.00083   0.024    -0.011    -0.18    
  -0.022    -0.12     -0.00083   0.024    -0.011    -0.18    
  -0.022    -0.12     -0.00083   0.024    -0.011    -0.18    
  -0.022    -0.12     -0.00083   0.024    -0.011    -0.18    
  -0.022    -0.12     -0.00083   0.024    -0.011    -0.18    
  -0.022    -0.12     -0.00083   0.024    -0.011    -0.18    
  -0.022    -0.12     -0.00083   0.024    -0.011    -0.18    
  -0.022    -0.12     -0.00083   0.024    -0.011    -0.18    
  -0.022    -0.12     -0.00083   0.024    -0.011    -0.18    
   0         0         0         0         0         0       

CDOF_DOT
   0         0         0         0         0         0       
   0         0         0         0         0         0       
   0         0         0         0         0         0       
   0         0        -0        -3.1e-05  -0.18      0.012   
  -0         0         0         0.18      7.7e-07   0.029   
   0        -0         0        -0.012    -0.029    -2.1e-06 
   0.00089  -1.1e-05  -0.022     0.18     -0.0013    0.029   
  -0.1       0.01      0.17     -0.022    -0.16      0.00025 
  -0.17      0.016    -0.1      -6.9e-05   0.068    -0.024   
   0.058    -6.7e-05   0.015     0.14     -0.024     0.1     
  -0.13     -0.049    -0.34     -0.00049  -0.011    -0.0071  
   0.047    -4.4e-05  -0.014     0.11     -0.034    -0.025   
   0.00089  -1.1e-05  -0.022     0.18     -0.0013    0.029   
  -0.19      0.011     0.34      0.027    -0.15      0.029   
  -0.34     -0.034    -0.19     -0.031     0.072     0.028   
   0.065    -0.00036   0.078     0.12     -0.035     0.16    
  -0.11     -0.033    -0.29     -0.065     0.023    -0.025   
   0.025    -4.9e-06  -0.031     0.087    -0.017     0.055   

QFRC_BIAS
  -0.22    
   0.22    
   6.1e+02 
   0.28    
  -35      
   0.026   
  -11      
   0.059   
  -0.024   
   2.1     
   0.0017  
  -0.52    
  -11      
   0.12    
  -0.047   
   2.1     
   0.004   
  -0.52    

QFRC_SPRING
   0       
   0       
   0       
   0       
   0       
   0       
   0       
   0       
   0       
   0       
   0       
   0       
   0       
   0       
   0       
   0       
   0       
   0       

QFRC_DAMPER
   0       
   0       
   0       
   0       
   0       
   0       
   0.017   
  -0.00065 
   0.014   
  -0.11    
   0.0061  
   0.053   
   0.055   
  -0.011   
   0.021   
  -0.14    
   0.023   
  -0.033   

QFRC_GRAVCOMP
   0       
   0       
   0       
   0       
   0       
   0       
   0       
   0       
   0       
   0       
   0       
   0       
   0       
   0       
   0       
   0       
   0       
   0       

QFRC_FLUID
   0       
   0       
   0       
   0       
   0       
   0       
   0       
   0       
   0       
   0       
   0       
   0       
   0       
   0       
   0       
   0       
   0       
   0       

QFRC_PASSIVE
   0       
   0       
   0       
   0       
   0       
   0       
   0.017   
  -0.00065 
   0.014   
  -0.11    
   0.0061  
   0.053   
   0.055   
  -0.011   
   0.021   
  -0.14    
   0.023   
  -0.033   

EFC_VEL
  -0.11    
  -0.1     
  -0.069   
  -0.15    
  -0.11    
  -0.1     
  -0.063   
  -0.15    
  -0.028   
  -0.096   
  -0.067   
  -0.057   
  -0.025   
  -0.093   
  -0.062   
  -0.056   

EFC_AREF
   13      
   12      
   8.3     
   16      
   13      
   12      
   7.6     
   17      
   6.1     
   13      
   10      
   9.2     
   6.3     
   14      
   10      
   9.6     

SUBTREE_LINVEL
   0         0         0       
   0         0         0       
   0         0         0       
   0         0         0       
   0         0         0       
   0         0         0       
   0         0         0       
   0         0         0       
   0         0         0       
   0         0         0       
   0         0         0       
   0         0         0       
   0         0         0       
   0         0         0       
   0         0         0       
   0         0         0       
   0         0         0       
   0         0         0       
   0         0         0       
   0         0         0       
   0         0         0       
   0         0         0       
   0         0         0       
   0         0         0       
   0         0         0       
   0         0         0       
   0         0         0       
   0         0         0       
   0         0         0       
   0         0         0       
   0         0         0       
   0         0         0       
   0         0         0       
   0         0         0       
   0         0         0       
   0         0         0       
   0         0         0       
   0         0         0       
   0         0         0       
   0         0         0       
   0         0         0       
   0         0         0       
   0         0         0       
   0         0         0       
   0         0         0       
   0         0         0       
   0         0         0       

SUBTREE_ANGMOM
   0         0         0       
   0         0         0       
   0         0         0       
   0         0         0       
   0         0         0       
   0         0         0       
   0         0         0       
   0         0         0       
   0         0         0       
   0         0         0       
   0         0         0       
   0         0         0       
   0         0         0       
   0         0         0       
   0         0         0       
   0         0         0       
   0         0         0       
   0         0         0       
   0         0         0       
   0         0         0       
   0         0         0       
   0         0         0       
   0         0         0       
   0         0         0       
   0         0         0       
   0         0         0       
   0         0         0       
   0         0         0       
   0         0         0       
   0         0         0       
   0         0         0       
   0         0         0       
   0         0         0       
   0         0         0       
   0         0         0       
   0         0         0       
   0         0         0       
   0         0         0       
   0         0         0       
   0         0         0       
   0         0         0       
   0         0         0       
   0         0         0       
   0         0         0       
   0         0         0       
   0         0         0       
   0         0         0       

ACTUATOR_FORCE
   3       
  -2.3     
   0.66    
  -1.4     
  -0.084   
  -1.4     
   18      
   13      
  -7.1     
  -22      
   2.4     
  -7.8     

QFRC_ACTUATOR
   0       
   0       
   0       
   0       
   0       
   0       
   3       
  -2.3     
   0.66    
  -1.4     
  -0.084   
  -1.4     
   18      
   13      
  -7.1     
  -22      
   2.4     
  -7.8     

QFRC_SMOOTH
   0.22    
  -0.22    
  -6.1e+02 
  -0.28    
   35      
  -0.026   
   14      
  -2.3     
   0.69    
  -3.7     
  -0.079   
  -0.88    
   29      
   13      
  -7       
  -24      
   2.4     
  -7.3     

QACC_SMOOTH
   1.5     
  -0.63    
  -8.6     
  -1.7     
  -4.2     
  -1.2     
   12      
   1.9     
   0.067   
  -11      
  -0.39    
  -9.4     
   52      
   3.5     
  -16      
  -1e+02   
   28      
  -50      

EFC_B
  -25      
  -22      
  -20      
  -26      
  -24      
  -22      
  -20      
  -26      
  -23      
  -49      
  -52      
  -20      
  -26      
  -53      
  -53      
  -26      

EFC_FORCE
   29      
   27      
   13      
   42      
   29      
   27      
   6.6     
   49      
   38      
   53      
   28      
   64      
   33      
   48      
   28      
   54      

EFC_STATE
  1
  1
  1
  1
  1
  1
  1
  1
  1
  1
  1
  1
  1
  1
  1
  1

QFRC_CONSTRAINT
   1.3e+02 
  -26      
   5.7e+02 
  -7.9     
  -1.2e+02 
   0.11    
  -64      
   3       
  -0.93    
   0.25    
   0.28    
   6       
  -60      
  -21      
   10      
   23      
  -2.6     
   15      

QFRC_INVERSE
   0       
   0       
   0       
   0       
   0       
   0       
   0       
   0       
   0       
   0       
   0       
   0       
   0       
   0       
   0       
   0       
   0       
   0       

CACC
   0         0         0        -0        -0         9.8     
  -0.52     -6.6      -0.18      1.1      -0.41      7.8     
  -0.53     -41       -0.16     -0.47     -0.4       9.8     
   0.72     -41        0.56     -0.54     -0.42      9.9     
   0.74     -41        0.56     -0.54     -0.42      9.9     
   0.83      17        0.58      22       -0.47      17      
   3.3       17       -0.3       23       -2.2       17      
   3.3       59       -0.32      53       -2.2       19      
  -0.53     -28       -0.16      0.069    -0.4       9       
  -0.92     -28       -0.37      0.049    -0.41      9.1     
  -3.7      -28        4.4       0.51     -0.017     9.3     
  -3.5       13        4.6       17       -0.099     14      
  -3.9       13        4.8       17        0.19      14      
  -3.7       69        4.9       58        0.066     16      
  -0.52     -6.6      -0.18      1.1      -0.41      7.8     
  -0.52     -6.6      -0.18      1.1      -0.41      7.8     
  -0.52     -6.6      -0.18      1.1      -0.41      7.8     
  -0.52     -6.6      -0.18      1.1      -0.41      7.8     
  -0.52     -6.6      -0.18      1.1      -0.41      7.8     
  -0.52     -6.6      -0.18      1.1      -0.41      7.8     
  -0.52     -6.6      -0.18      1.1      -0.41      7.8     
  -0.52     -6.6      -0.18      1.1      -0.41      7.8     
  -0.52     -6.6      -0.18      1.1      -0.41      7.8     
  -0.52     -6.6      -0.18      1.1      -0.41      7.8     
  -0.52     -6.6      -0.18      1.1      -0.41      7.8     
  -0.52     -6.6      -0.18      1.1      -0.41      7.8     
  -0.52     -6.6      -0.18      1.1      -0.41      7.8     
  -0.52     -6.6      -0.18      1.1      -0.41      7.8     
  -0.52     -6.6      -0.18      1.1      -0.41      7.8     
  -0.52     -6.6      -0.18      1.1      -0.41      7.8     
  -0.52     -6.6      -0.18      1.1      -0.41      7.8     
  -0.52     -6.6      -0.18      1.1      -0.41      7.8     
  -0.52     -6.6      -0.18      1.1      -0.41      7.8     
  -0.52     -6.6      -0.18      1.1      -0.41      7.8     
  -0.52     -6.6      -0.18      1.1      -0.41      7.8     
  -0.52     -6.6      -0.18      1.1      -0.41      7.8     
  -0.52     -6.6      -0.18      1.1      -0.41      7.8     
  -0.52     -6.6      -0.18      1.1      -0.41      7.8     
  -0.52     -6.6      -0.18      1.1      -0.41      7.8     
  -0.52     -6.6      -0.18      1.1      -0.41      7.8     
  -0.52     -6.6      -0.18      1.1      -0.41      7.8     
  -0.52     -6.6      -0.18      1.1      -0.41      7.8     
  -0.52     -6.6      -0.18      1.1      -0.41      7.8     
  -0.52     -6.6      -0.18      1.1      -0.41      7.8     
  -0.52     -6.6      -0.18      1.1      -0.41      7.8     
  -0.52     -6.6      -0.18      1.1      -0.41      7.8     
   0         0         0         0         0         9.8     

CFRC_INT
   13       -17        0.18      1.3e+02  -26        5.7e+02 
  -2e-14     1.7e-13   4.2e-15  -3.9e-14  -8.9e-16  -7.1e-14 
   5.6       4.1       0.99      15       -4.4      -86      
   6.3       3.8       0.83      13       -3.9      -94      
   7.1       3.5       0.67      12       -3.5      -1e+02   
   11        13       -1.9      -15       -2.8      -1.4e+02 
   15        39       -5.6      -53       -3        -1.8e+02 
   16        46       -6.6      -63       -3.2      -2e+02   
  -6         9        -0.8      -2.2       17       -2.3e+02 
  -6.7       8.7      -0.69     -3.6       17       -2.4e+02 
  -7.4       8.4      -0.58     -5.1       17       -2.4e+02 
  -10        16        1.4      -25        19       -2.8e+02 
  -11        34        4.4      -52        24       -3.2e+02 
  -10        40        5.2      -59        26       -3.3e+02 
   0.5      -17       -0.44     -24       -8.1       2.4e+02 
   0.47     -18       -0.46     -25       -7.8       2.4e+02 
   0.43     -18       -0.48     -25       -7.5       2.3e+02 
   0.095    -5.6       0.0089   -9.9      -0.15      22      
   0.064    -5.1       0.0055   -8.7      -0.1       19      
   0.039    -4.4       0.0028   -7.2      -0.057     15      
  -19       -4.7       0.15     -0.69     -2.6       66      
  -18       -4.1       0.64      1.4      -2.5       59      
  -16       -3.5       1.1       3.5      -2.3       51      
  -12       -3.8       1.6       5.3      -1.9       36      
  -9.5      -3.7       1.4       4.8      -1.5       28      
  -6.7      -3         1.1       3.6      -1.1       20      
  -5.3      -2.6       0.9       3        -0.83      15      
  -1.2      -0.66      0.21      0.76     -0.2       3.6     
  -0.59     -0.36      0.11      0.4      -0.1       1.8     
  -1.3      -0.72      0.22      0.7      -0.2       3.7     
  -0.68     -0.4       0.12      0.37     -0.1       1.9     
  -1.3      -0.58      0.25      0.77     -0.2       3.6     
  -0.67     -0.33      0.13      0.41     -0.1       1.8     
   19       -4.5      -0.68      0.19     -2.7       64      
   17       -3.9      -1.2       2.2      -2.5       56      
   15       -3.4      -1.7       4.2      -2.4       49      
   11       -3.7      -2.1       5.8      -1.9       35      
   8.9      -3.6      -1.9       5.2      -1.5       27      
   6.2      -2.9      -1.4       3.9      -1.1       19      
   4.9      -2.5      -1.2       3.2      -0.84      15      
   1.1      -0.65     -0.28      0.8      -0.2       3.5     
   0.54     -0.36     -0.15      0.43     -0.1       1.8     
   1.2      -0.7      -0.3       0.75     -0.2       3.5     
   0.63     -0.38     -0.16      0.4      -0.1       1.8     
   1.2      -0.57     -0.33      0.82     -0.2       3.4     
   0.61     -0.32     -0.17      0.44     -0.1       1.7     
   13       -17        0.18      1.3e+02  -26        5.7e+02 

CFRC_EXT
   0         0         0         0         0         0       
   0         0         0         0         0         0       
   0         0         0         0         0         0       
   0         0         0         0         0         0       
   0         0         0         0         0         0       
   0         0         0         0         0         0       
   0         0         0         0         0         0       
  -18       -54        7.4       71        3.8       2.2e+02 
   0         0         0         0         0         0       
   0         0         0         0         0         0       
   0         0         0         0         0         0       
   0         0         0         0         0         0       
   0         0         0         0         0         0       
   8.9      -43       -5.7       62       -30        3.5e+02 
   0         0         0         0         0         0       
   0         0         0         0         0         0       
   0         0         0         0         0         0       
   0         0         0         0         0         0       
   0         0         0         0         0         0       
   0         0         0         0         0         0       
   0         0         0         0         0         0       
   0         0         0         0         0         0       
   0         0         0         0         0         0       
   0         0         0         0         0         0       
   0         0         0         0         0         0       
   0         0         0         0         0         0       
   0         0         0         0         0         0       
   0         0         0         0         0         0       
   0         0         0         0         0         0       
   0         0         0         0         0         0       
   0         0         0         0         0         0       
   0         0         0         0         0         0       
   0         0         0         0         0         0       
   0         0         0         0         0         0       
   0         0         0         0         0         0       
   0         0         0         0         0         0       
   0         0         0         0         0         0       
   0         0         0         0         0         0       
   0         0         0         0         0         0       
   0         0         0         0         0         0       
   0         0         0         0         0         0       
   0         0         0         0         0         0       
   0         0         0         0         0         0       
   0         0         0         0         0         0       
   0         0         0         0         0         0       
   0         0         0         0         0         0       
  -13        17       -0.18     -1.3e+02   26       -5.7e+02 

